  2.0000000e+000  4.8542255e+000  3.4553518e+000  3.7917810e+000  3.0202721e+000  4.6172312e+000  4.4041652e+000  4.0623562e+000  2.5828334e+000  1.8029147e+000  2.6488655e+000
  2.0000000e+000  4.9166755e+000  3.6159951e+000  4.8329546e+000  2.6138716e+000  2.3651116e+000  3.7981178e+000  2.4277898e+000  4.4750429e+000  2.7335476e+000  3.0038102e+000
  2.0000000e+000  4.0829595e+000  3.8754121e+000  1.9372902e+000  2.2229389e+000  4.6479888e+000  2.8462024e+000  1.8971346e+000  4.2511632e+000  3.7959557e+000  2.9921650e+000
  2.0000000e+000  2.0928135e+000  3.0393566e+000  3.4177139e+000  2.9199755e+000  2.0290673e+000  1.7885598e+000  1.3332432e+000  2.9011441e+000  3.6112030e+000  3.1294450e+000
  2.0000000e+000  2.8701306e+000  2.4879475e+000  2.6526582e+000  2.4643952e+000  4.9620921e+000  9.2845045e-001  2.3510084e+000  3.6266645e+000  2.6361003e+000  2.7421981e+000
  2.0000000e+000  4.7951008e+000  3.1027984e+000  2.6849866e+000  2.0108339e+000  3.7600459e+000  3.2425678e+000  2.3614310e+000  3.3603538e+000  3.7083116e+000  3.1656712e+000
  1.0000000e+000  3.0359958e+000  2.6864534e+000  3.2183688e+000  3.3223657e+000  2.2351857e+000  3.0028281e+000  4.2441319e+000  1.3336696e+000  2.4891854e+000  1.9518444e+000
  2.0000000e+000  1.1126237e+000  3.1606427e+000  3.5292986e+000  2.2922818e+000  2.7954194e+000  2.2423293e+000  1.8337481e+000  3.0024319e+000  2.6808046e+000  4.0830944e+000
  2.0000000e+000  1.9393253e+000  7.9203871e-001  2.9709042e+000  2.8918636e+000  8.8171728e-001  4.6684934e+000  2.3199691e+000  4.3644232e+000  4.7924687e+000  2.0605617e+000
  2.0000000e+000  2.7625324e+000  5.1482727e+000  2.9480899e+000  3.1490119e+000  4.8072050e+000  1.6617809e+000  2.0662120e+000  1.8881252e+000  3.3272203e+000  2.9940022e+000
  1.0000000e+000  3.8553051e+000  2.9516800e+000  3.1305465e+000  3.6078916e+000  3.3275252e+000  3.8960966e+000  4.0458193e+000  1.1873041e+000  3.2120548e+000  3.1795691e+000
  1.0000000e+000  3.9531683e+000  2.8217804e+000  1.2749026e+000  4.3447006e+000  3.0894939e+000  3.0381429e+000  4.5469162e+000  4.7822496e+000  2.8556077e+000  3.0403771e+000
  2.0000000e+000  2.0373327e+000  3.5932435e+000  2.7500290e+000  3.5674332e+000  3.4808401e+000  4.4278387e+000  3.6533169e+000  2.7700197e+000  2.2020067e+000  3.6324499e+000
  2.0000000e+000  4.8358477e+000  1.4156173e+000  2.3709139e+000  4.9542523e+000  2.0570807e+000  2.0643569e+000  2.7450936e+000  1.8261993e+000  2.9685641e+000  3.3560686e+000
  2.0000000e+000  3.7904785e+000  1.6232108e+000  3.0925853e+000  3.0892238e+000  1.3422016e+000  1.8201783e+000  3.5468199e+000  3.3910216e+000  3.1944101e+000  2.9532586e+000
  2.0000000e+000  2.1501566e+000  1.2273609e+000  3.3913531e+000  3.2654553e+000  4.3068889e+000  1.2660778e+000  2.0585684e+000  5.4253710e+000  5.8624064e-001  2.8295640e+000
  2.0000000e+000  3.0259578e+000  2.5956700e+000  2.5210023e+000  2.5529437e+000  4.8586421e+000  3.0980609e+000  5.4084838e-001  3.2333437e+000  4.6907885e+000  2.6888613e+000
  2.0000000e+000  1.7317540e+000  1.8835519e+000  1.8538897e+000  2.3073509e+000  3.8586594e+000  3.5832079e+000  2.1548290e+000  1.3742522e+000  4.0312595e+000  4.1053195e+000
  2.0000000e+000  2.9288630e+000  3.1718614e+000  2.8493139e+000  2.9202448e+000  4.6479276e+000  3.3271971e+000  4.6676924e+000  3.3534132e+000  1.6708033e+000  3.5097606e+000
  2.0000000e+000  2.4472087e+000  2.1807477e+000  3.9611256e+000  2.4488935e+000  5.0290758e+000  3.0248795e+000  4.3475951e+000  3.3248404e+000  3.7985394e+000  2.6934748e+000
  2.0000000e+000  4.1401197e+000  3.2618621e+000  3.1733659e+000  4.3593713e+000  3.0046797e+000  2.9978261e+000  3.7511346e+000  5.1443404e+000  2.5221786e+000  3.2841530e+000
  2.0000000e+000  2.9567100e+000  3.1115004e+000  2.7565582e+000  5.2772669e+000  2.1963165e+000  2.4825801e+000  2.0293306e+000  4.3159300e+000  2.2696413e+000  3.7693433e+000
  2.0000000e+000  3.8469378e+000  2.1659647e+000  4.4908021e+000  4.2620604e+000  5.0167220e+000  2.1337961e+000  1.9435152e+000  1.8257271e+000  2.3640544e+000  3.6167270e+000
  2.0000000e+000  2.6735301e+000  2.2341408e+000  4.0981146e+000  2.0417548e+000  2.0431749e+000  2.5091775e+000  2.8598581e+000  2.8001797e+000  2.7063791e+000  2.8303130e+000
  2.0000000e+000  2.2718756e+000  3.3004973e+000  2.3444800e+000  3.7018266e+000  2.1528486e+000  1.9568978e+000  3.9292755e+000  3.2499511e+000  3.7443906e+000  3.8900249e+000
  1.0000000e+000  3.7993249e+000  4.2917351e+000  1.9262078e+000  3.8982295e+000  3.2265744e+000  3.0196053e+000  2.5737566e+000  2.3807293e+000  2.8968159e+000  2.6268542e+000
  2.0000000e+000  2.1002263e+000  3.2183023e+000  1.6453210e+000  2.6651724e+000  2.1053003e+000  3.8318876e+000  3.7601251e+000  3.5890925e+000  3.5942540e+000  2.7216242e+000
  1.0000000e+000  3.8220266e+000  3.0219385e+000  3.6467070e+000  3.7666426e+000  3.5500984e+000  1.5612345e+000  2.9956420e+000  3.5881587e+000  3.9034880e+000  3.8657888e+000
  1.0000000e+000  3.6845433e+000  3.2630728e+000  1.5225924e+000  3.3490792e+000  3.3572627e+000  1.6024557e+000  1.5745500e+000  3.9302175e+000  2.7530576e+000  3.7826200e+000
  2.0000000e+000  1.4690944e+000  2.7833044e+000  3.1460275e+000  3.8747884e+000  3.9511652e+000  4.4984050e+000  2.4176392e+000  1.7330973e+000  2.7375260e+000  3.9579563e+000
  2.0000000e+000  3.1299533e+000  2.3044301e+000  5.0915259e+000  2.9657641e+000  5.0917152e+000  4.0381384e+000  2.9721899e+000  4.0419301e+000  4.3106594e+000  4.6068999e+000
  2.0000000e+000  2.8859621e+000  4.2189787e+000  2.9396034e+000  3.0288927e+000  5.4250438e+000  2.9125817e+000  3.4081304e+000  2.2359715e+000  3.3057032e+000  3.1184116e+000
  2.0000000e+000  2.9344578e+000  3.7811484e+000  3.2035064e+000  5.2627704e-001  3.4431028e+000  2.1532790e+000  3.2237433e+000  3.5418868e+000  3.3457338e+000  3.4778964e+000
  2.0000000e+000  4.0902844e+000  2.5556736e+000  1.6607855e+000  2.6731423e+000  3.3567663e+000  2.5726416e+000  1.8590969e+000  2.4437460e+000  3.5956702e+000  4.1273783e+000
  2.0000000e+000  2.5468201e+000  3.1007348e+000  2.1294494e+000  2.2639215e+000  4.1379311e+000  3.2012812e+000  2.6817518e+000  2.9475260e+000  3.2172963e+000  2.3524298e+000
  2.0000000e+000  4.7696525e+000  2.9696274e+000  3.5134795e+000  4.8886320e+000  2.9614801e+000  3.2159876e+000  3.9695281e+000  4.9201149e+000  3.7496880e+000  5.1514517e+000
  2.0000000e+000  9.7216805e-001  2.6745733e+000  3.8308923e+000  3.6553419e+000  1.7629101e+000  3.4630278e+000  2.9462082e+000  3.2068610e+000  2.6074983e+000  1.6644922e+000
  2.0000000e+000  1.9026591e+000  1.1362659e+000  4.2884887e+000  4.2670836e+000  3.9983044e+000  4.1136314e+000  2.6683387e+000  3.2557238e+000  3.0667844e+000  4.0008933e+000
  2.0000000e+000  3.4350670e+000  1.6813480e+000  3.7636256e+000  4.0566813e+000  5.1956277e+000  2.6264966e+000  6.0839569e-001  1.6366111e+000  3.3006036e+000  3.9045745e+000
  1.0000000e+000  3.0463530e+000  3.1164684e+000  3.1825824e+000  2.5160597e+000  2.4543646e+000  3.4681633e+000  2.4157093e+000  2.1648129e+000  3.5339686e+000  3.1854903e+000
  2.0000000e+000  4.3038460e+000  2.5555962e+000  3.1680412e+000  2.0406363e+000  2.1469110e+000  4.1504595e+000  1.2979928e+000  3.4497642e+000  3.1769740e+000  2.7853758e+000
  2.0000000e+000  1.8477191e+000  4.1336425e+000  2.3879221e+000  3.0170934e+000  3.5004287e+000  3.6498020e+000  3.1520235e+000  2.0217284e+000  3.0768093e+000  3.4634336e+000
  2.0000000e+000  5.0396414e+000  1.6251100e+000  3.3649901e+000  2.3022414e+000  2.7150575e+000  2.5693984e+000  2.8569766e+000  3.7846566e+000  2.9006446e+000  5.3532515e-001
  2.0000000e+000  3.1832025e+000  2.3308481e+000  1.7723649e+000  2.8172782e+000  1.5043510e+000  4.8102434e+000  2.0402624e+000  2.4623162e+000  2.2543427e+000  3.3235184e+000
  2.0000000e+000  4.1317124e+000  2.6052724e+000  3.9507530e+000  5.0864228e+000  3.0409916e+000  2.7898177e+000  3.9210445e+000  2.9603212e+000  3.2664317e+000  3.4053672e+000
  1.0000000e+000  3.7990535e+000  3.8279452e+000  3.1760175e+000  3.6170611e+000  2.5906482e+000  4.1947908e+000  4.5272040e+000  1.8958454e+000  3.4267427e+000  1.3550365e+000
  2.0000000e+000  7.7597523e-001  2.7715981e+000  4.7692653e+000  3.3836187e+000  3.9522266e+000  1.6237782e+000  2.6591795e+000  1.9512168e+000  3.6553001e+000  1.5484040e+000
  2.0000000e+000  2.1031716e+000  1.5462203e+000  3.2387488e+000  4.4715288e+000  4.5679112e+000  2.6744571e+000  1.7921348e+000  3.9995058e+000  1.9112677e+000  3.5759519e+000
  2.0000000e+000  2.6196328e+000  2.6547415e+000  2.3990274e+000  3.3179652e+000  2.4048083e+000  3.5638728e+000  3.1338363e+000  2.9807261e+000  5.4862008e+000  3.4785195e+000
  2.0000000e+000  2.8100411e+000  3.2775410e+000  8.8474989e-001  2.1150598e+000  2.5065248e+000  1.4079584e+000  2.3800148e+000  3.8047055e+000  4.1865955e+000  3.3481801e+000
  2.0000000e+000 -2.7369494e-001  3.7769428e+000  2.0666768e+000  1.9258766e+000  2.3710399e+000  4.2609158e+000  2.1228392e+000  2.1486964e+000  4.4645370e+000  3.9483262e+000
  2.0000000e+000  4.0000806e+000  2.9535885e+000  2.3955464e+000  3.2895988e+000  5.6660896e+000  2.0669793e+000  2.2939925e+000  2.1492581e+000  2.0529859e+000  3.7048263e+000
  2.0000000e+000  2.6829987e+000 -6.8347476e-002  2.6473433e+000  4.1221624e+000  2.2859070e+000  3.9205895e+000  4.3174867e+000  2.9702744e+000  4.0527659e+000  3.7118664e+000
  2.0000000e+000  2.1208851e+000  2.7432839e+000  2.5163540e+000  2.8739466e+000  4.1514194e+000  1.8008666e+000  1.2706362e+000  4.0287026e+000  2.5497323e+000  2.4580495e+000
  1.0000000e+000  3.3178434e+000  3.9348660e+000  2.7085549e+000  3.6898854e+000  3.3931021e+000  1.5568096e+000  4.9382816e+000  4.4722043e+000  3.7821068e+000  5.0411896e+000
  2.0000000e+000  1.7982613e+000  3.0616297e+000  3.7615825e+000  1.7066845e+000  3.7287313e+000  2.5367649e+000  2.8046033e+000  3.7408141e+000  2.9729335e+000  2.1886191e+000
  2.0000000e+000  4.2528387e+000  2.2887696e+000  3.1992473e+000  2.4307380e+000  3.2428930e+000  2.9144021e+000  3.2613868e+000  3.3100964e+000  2.2775041e+000  2.9968344e+000
  2.0000000e+000  4.4446725e+000  2.8818570e+000  1.1409607e+000  5.0545413e+000  3.7889545e+000  1.6793947e+000  2.7486905e+000  2.4444916e+000  3.8395250e+000  5.1431701e+000
  2.0000000e+000  2.7363301e+000  3.9654283e+000  3.7457598e+000  1.9246754e+000  3.1932497e+000  2.4104020e+000  4.0923761e+000  2.5055904e+000  4.1065939e+000  1.2066977e+000
  2.0000000e+000  2.8759462e+000  2.9233464e+000  3.6203861e+000  3.6039468e+000  2.4418907e+000  2.1558991e+000  3.3399764e+000  2.2623656e+000  3.3977563e+000  1.9814271e+000
  2.0000000e+000  2.5980752e+000  3.7105557e+000  1.6172492e+000  3.3109562e+000  2.1104296e+000  3.0921144e+000  2.6090903e+000  1.3089034e+000  1.3349577e+000  1.2425142e+000
  2.0000000e+000  1.2346203e+000  1.9532043e+000  2.5508280e+000  1.6645685e+000  2.4111713e+000  2.4518293e+000  2.4112400e+000  1.3095758e+000  4.6855360e+000  2.1608466e+000
  2.0000000e+000  3.8434107e+000  1.5934176e+000  2.4795614e+000  2.6860308e+000  4.6254791e+000  1.8761950e+000  4.0212086e+000  2.7929490e+000  2.8634779e+000  3.5605076e+000
  2.0000000e+000  3.9609435e+000  2.9362728e+000  2.9415314e+000  2.3121257e+000  3.6000976e+000  3.7381633e+000  3.3268969e+000  2.6817859e+000  2.4530093e+000  2.7992010e+000
  2.0000000e+000  1.2690928e+000  5.5717901e+000  5.8286057e+000  2.6699478e+000  1.6201625e+000  1.9619144e+000  1.3047486e+000  1.8484028e+000  1.8292294e+000  3.9002831e+000
  1.0000000e+000  3.8086445e+000  3.0383660e+000  1.8610185e+000  4.3338048e+000  3.5484874e+000  3.4983912e+000  2.1868745e+000  4.0417513e+000  3.9537685e+000  3.3834765e+000
  2.0000000e+000  1.9432504e+000  2.5071216e+000  4.2960513e+000  4.6581695e+000  3.1875938e+000  2.7284427e+000  2.6391145e+000  2.9432770e+000  3.4742465e+000  2.6727216e+000
  2.0000000e+000  5.6218727e-001  3.5608248e+000  3.3025271e+000  1.1720069e+000  2.5316351e+000  2.3374983e+000  3.3624212e+000  3.5556001e+000  2.1521051e+000  3.2757526e+000
  2.0000000e+000  2.7052263e+000  3.0771719e+000  1.8150908e+000  2.7113319e+000  3.1741997e+000  4.0733598e+000  2.0369099e+000  3.3679620e+000  1.6640158e+000  1.5304244e+000
  2.0000000e+000  3.4824325e+000  4.0618844e+000  2.3045561e+000  2.3847015e+000  1.9967051e+000  8.9587576e-001  2.0837840e+000  2.0261498e+000  3.5413873e+000  2.8774347e+000
  2.0000000e+000  2.9021889e+000  3.6086420e+000  2.0382294e+000  3.0631237e+000  1.4504104e+000  2.8824850e+000  3.6630596e+000 -3.0896901e-001  2.0220435e+000  3.5380865e+000
  1.0000000e+000  3.7841214e+000  1.7393313e+000  2.7399997e+000  1.1989717e+000  2.5056036e+000  3.3976797e+000  3.5708584e+000  3.7102931e+000  3.9573042e+000  3.6811169e+000
  2.0000000e+000  3.4267332e+000  2.1237638e+000  3.7064869e+000  1.6563402e+000  4.4304661e+000  2.3920693e+000  3.0725188e+000  3.3824890e+000  1.7915866e+000  4.0047094e+000
  2.0000000e+000  9.0653228e-001  4.1826891e+000  2.1965817e+000  3.6561994e+000  1.4759163e+000  3.0923773e+000  2.9876138e-001  3.7794362e+000  1.8790858e+000  3.9820018e+000
  2.0000000e+000  2.0961992e+000  1.1779546e+000  1.7908132e+000  2.8669399e+000  3.9784951e+000  1.9303231e+000  2.7891136e+000  3.1985825e+000  4.6722924e+000  3.3382076e+000
  2.0000000e+000  1.3705062e+000  4.1778891e+000  1.3747373e+000  2.2022252e+000  4.1269201e+000  2.7549021e+000  4.7331141e+000  1.8310962e+000  5.1740026e+000  2.2244420e+000
  2.0000000e+000  1.3168356e+000  4.6183119e+000  1.4369920e+000  2.8866268e+000  2.2868614e+000  4.3362361e+000  1.1383642e+000  3.5160590e+000  2.2444304e+000  3.4893067e+000
  2.0000000e+000  2.9858096e+000  3.7522539e+000  3.3872201e+000  4.5390381e+000  2.9971853e+000  2.4695289e+000  1.7821678e+000  2.6170698e+000  3.8863752e+000  5.1400304e+000
  2.0000000e+000  4.8584480e+000  3.0784507e+000  2.0871035e+000  3.7620629e+000  8.7553245e-001  2.1181259e+000  2.8547852e+000  3.2611182e+000  3.2992781e+000  1.6289233e+000
  2.0000000e+000  2.5143571e+000  3.4047424e+000  3.8802166e+000  2.1768492e+000  1.9524213e+000  3.3826720e+000  3.9884308e+000  2.4302969e+000  3.7408065e+000  3.9392969e+000
  2.0000000e+000  3.1983582e+000  2.2745596e+000  1.4312774e+000  2.8562247e+000  4.9111584e+000  2.4780503e+000  2.2894889e+000  3.3158523e+000  3.7144024e+000  2.4290620e+000
  2.0000000e+000  6.6234765e-001  2.2554380e+000  2.2936921e+000  2.4552151e+000  1.9691761e+000  3.1756482e+000  3.9755899e+000  3.9665253e+000  2.2184027e+000  3.4056522e+000
  2.0000000e+000  3.2049106e+000  2.9818353e+000  3.1402950e+000  3.2716654e+000  4.5326422e-001  3.3219987e+000  3.4224519e+000  3.4467221e+000  4.6682882e+000  1.7665303e+000
  2.0000000e+000  4.5816572e+000  3.2707118e+000  4.5869334e+000 -6.7068799e-001  5.0703085e+000  2.7925625e+000  2.8191959e+000  3.3843829e+000  3.5711290e+000  4.3195003e+000
  2.0000000e+000  3.2366390e+000  1.6935201e+000  3.0464377e+000  2.4763383e+000  8.9952964e-001  2.3475436e+000  2.8449366e+000  3.2345151e+000  3.6870502e+000  4.5885799e+000
  1.0000000e+000  3.3609171e+000  2.1334638e+000  4.7818837e+000  3.2399448e+000  3.4220308e+000  2.5495314e+000  3.1432349e+000  2.3063440e+000  1.6301661e+000  3.6534014e+000
  2.0000000e+000  3.2772760e+000  3.8906206e+000  2.7081360e+000  3.0139284e+000  1.9902487e+000  1.6217312e+000  2.1268834e+000  3.1707248e+000  2.5518543e+000  2.7530549e+000
  2.0000000e+000  5.4046628e+000  3.7659097e+000  3.7564230e+000  1.0720001e+000  3.7350676e+000  1.7935140e+000  4.2050330e+000  3.2078081e+000  1.2641643e+000  3.0859003e+000
  2.0000000e+000  2.5387103e+000  3.2413534e+000  2.5913952e+000  2.9373161e+000  2.2969108e+000  2.5762373e+000  3.7053714e+000  3.4634050e+000  2.1792464e+000  3.2512991e+000
  2.0000000e+000  2.0333559e+000  1.5034833e+000  2.0270849e+000  4.9485109e+000  2.8834085e+000  2.5252756e+000  4.4082832e+000  3.9416228e+000  3.2917846e+000  4.6835705e+000
  2.0000000e+000  1.6166005e+000  3.6272974e+000  2.0451048e+000  1.9425607e+000  2.4940807e+000  3.8905212e+000  3.2675954e+000  4.2421920e+000  2.8137894e+000  2.5453140e+000
  1.0000000e+000  3.2956932e+000  1.6772205e+000  1.8298628e+000  1.8363090e+000  3.0253094e+000  2.7683471e+000  2.9151706e+000  4.6625546e+000  3.6029008e+000  3.2989179e+000
  1.0000000e+000  3.5114480e+000  1.9423749e+000  3.0406776e+000  4.5689569e+000  3.6379210e+000  3.8666405e+000  1.9924042e+000  3.1466784e+000  2.4006628e+000  2.4008233e+000
  2.0000000e+000  2.6274832e+000  4.3496399e+000  4.0434180e+000  4.1964685e+000  2.0907010e+000  1.5049157e+000  2.8644258e+000  2.6619580e+000  2.4708913e+000  3.1882590e+000
  2.0000000e+000  1.9676581e+000  1.0183833e+000  2.6152429e+000  2.5288421e+000  3.8537295e+000  2.3930238e+000  3.4256225e+000  1.6388921e+000  3.3015877e+000  2.5005129e+000
  2.0000000e+000  4.9451714e+000  2.9356227e+000  2.5794698e+000  3.4867639e+000  3.5293799e+000  4.2428339e+000  3.4274963e+000  2.8096545e+000  2.4523095e+000  2.8257823e+000
  2.0000000e+000  2.9235752e+000  1.6753896e+000  2.2761816e+000  4.1512153e+000  3.7130579e+000  3.9508910e+000  1.5922184e+000  3.1493028e+000  2.4860980e+000  2.5966182e+000
  2.0000000e+000  5.7061865e-001  3.4078232e+000  3.8440590e+000  3.3756555e+000  2.9008152e+000  4.2037426e+000  5.2787987e+000  3.1375657e+000  1.5429042e+000  3.2262019e+000
  1.0000000e+000  3.1137844e+000  2.2010712e+000  2.9006968e+000  1.9351947e+000  3.2597616e+000  3.3382302e+000  3.2244983e+000  3.9049000e+000  4.1170678e+000  1.5346420e+000
  2.0000000e+000  3.8550847e+000  4.2565383e+000  3.8622942e+000  3.1955763e+000  4.4946657e+000  3.0975686e+000  4.4095241e+000  3.4209123e+000  2.5151399e+000  2.3239313e+000
